2
5
7
8
9
12
16
17
21
24
25
26
27
32
33
34
38
39
40
44
45
46
47
50
52
53
56
57
59
60
70
73
76
77
78
81
82
87
89
92
95
96
98
99
101
102
104
111
114
115
117
118
120
121
127
130
131
133
134
136
137
138
139
141
143
145
146
149
151
152
157
158
159
161
163
165
168
169
170
174
188
190
191
192
196
198
200
210
213
217
222
223
224
229
230
232
233
239
241
245
248
252
258
259
262
266
271
273
274
280
282
287
288
289
290
292
295
297
298
301
305
306
313
317
320
324
325
329
332
333
334
336
337
339
341
344
345
347
349
350
352
353
354
355
356
357
358
362
364
365
366
368
369
372
374
376
385
386
388
398
401
406
407
408
409
414
416
417
419
421
427
428
430
431
437
439
442
444
445
448
449
450
452
453
456
458
460
462
465
466
467
468
469
471
472
478
479
483
485
487
490
492
493
497
502
504
506
508
514
517
519
520
522
523
525
526
529
530
532
534
535
536
539
544
546
547
549
552
554
555
559
561
563
570
571
573
574
575
579
580
584
585
586
587
588
589
592
596
599
600
603
604
606
607
608
609
612
614
616
617
620
628
629
630
631
632
634
637
639
640
641
659
660
661
665
666
668
669
672
675
676
677
679
681
684
685
686
688
690
691
692
697
698
699
701
702
703
710
712
718
727
729
730
733
737
739
740
741
742
745
746
747
748
749
750
753
754
755
756
758
763
765
769
770
771
772
773
774
775
776
780
782
788
789
790
793
800
804
805
808
810
814
817
818
822
823
825
826
827
828
829
831
832
833
836
839
841
842
844
845
846
848
850
851
852
853
854
855
861
865
866
867
870
872
876
879
880
883
885
886
887
889
890
891
892
893
897
900
902
903
904
908
911
913
920
921
922
927
928
929
931
933
935
936
941
943
947
949
951
954
956
959
961
962
963
964
969
973
975
979
983
984
985
986
999
1006
1008
1013
1016
1020
1021
1030
1032
1035
1036
1038
1040
1041
1043
1045
1047
1049
1052
1055
1057
1058
1059
1066
1067
1068
1071
1073
1074
1077
1078
1079
1085
1087
1095
1096
1098
1100
1101
1102
1105
1106
1110
1112
1113
1114
1116
1119
1120
1122
1124
1125
1127
1131
1132
1137
1142
1144
1145
1149
1153
1157
1160
1161
1162
1165
1166
1169
1170
1172
1173
1182
1183
1185
1186
1187
1188
1189
1192
1194
1197
1199
1200
1202
1204
1207
1214
1215
1217
1219
1224
1225
1228
1231
1233
1235
1238
1239
1241
1242
1243
1244
1245
1255
1258
1259
1261
1264
1267
1268
1275
1278
1281
1284
1285
1286
1289
1290
1291
1293
1294
1296
1301
1303
1305
1308
1310
1311
1314
1318
1321
1323
1324
1327
1330
1334
1337
1339
1342
1345
1348
1350
1352
1359
1362
1365
1366
1370
1372
1374
1376
1379
1384
1386
1387
1388
1390
1392
1395
1401
1404
1406
1408
1414
1415
1416
1417
1419
1422
1423
1425
1428
1432
1434
1440
1444
1446
1447
1449
1450
1452
1454
1455
1459
1463
1464
1465
1466
1472
1473
1474
1475
1477
1482
1483
1484
1490
1493
1497
